0 0.91837709 0.22398442 0.10692124 0.36672231
0 0.91837709 0.68113523 0.10692124 0.54312743
0 0.69355609 0.68002226 0.34272076 0.54535337
0 0.69284010 0.22398442 0.34319809 0.36672231
0 0.25680191 0.21786311 0.45727924 0.36672231
0 0.25656325 0.67696160 0.45775656 0.55147468
1 0.84128878 0.22454090 0.04821002 0.36783528
1 0.78926014 0.22092376 0.04821002 0.36727880
1 0.74367542 0.22175849 0.04773270 0.36783528
1 0.69403341 0.22287145 0.04773270 0.36783528
1 0.64295943 0.22287145 0.04773270 0.36783528
1 0.59355609 0.22287145 0.04821002 0.36783528
1 0.54677804 0.22092376 0.04821002 0.36727880
1 0.94248210 0.67946578 0.04821002 0.54535337
1 0.89451074 0.67946578 0.04773270 0.54535337
1 0.83794749 0.67584864 0.04821002 0.54590985
2 0.85489260 0.69866444 0.02482100 0.22203673
2 0.82959427 0.69866444 0.02482100 0.22203673
2 0.85178998 0.34780189 0.02529833 0.11129661
2 0.82863962 0.34974958 0.02482100 0.11185309
2 0.80429594 0.23817474 0.02195704 0.33277685
2 0.78162291 0.23928770 0.02720764 0.33277685
1 0.45536993 0.22287145 0.04964200 0.36783528
1 0.40429594 0.22287145 0.04964200 0.36783528
1 0.35465394 0.22287145 0.04964200 0.36783528
1 0.30835322 0.22092376 0.04964200 0.36727880
1 0.25202864 0.21841959 0.04964200 0.36783528
1 0.20071599 0.21841959 0.04916468 0.36783528
1 0.15131265 0.21841959 0.04964200 0.36783528
1 0.10453461 0.21647190 0.04964200 0.36727880
1 0.25202864 0.67723984 0.04964200 0.55203116
1 0.20071599 0.67723984 0.04916468 0.55203116
1 0.15131265 0.67723984 0.04964200 0.55203116
1 0.10453461 0.67557040 0.04964200 0.55203116
1 0.45680191 0.67584864 0.05346062 0.55258765
1 0.40572792 0.67890929 0.05346062 0.54646633
1 0.35608592 0.67584864 0.05346062 0.55258765
1 0.30668258 0.67640512 0.04821002 0.54813578
1 0.05202864 0.67557040 0.04964200 0.55203116
1 0.05298329 0.21647190 0.04964200 0.36727880
1 0.59260143 0.68280467 0.04343675 0.55203116
1 0.54319809 0.68280467 0.05918854 0.55203116
1 0.79164678 0.68030050 0.04821002 0.55036171
1 0.74319809 0.68169171 0.05346062 0.54201447
1 0.69403341 0.68141347 0.05346062 0.55258765
1 0.64463007 0.68141347 0.04821002 0.54813578
2 0.65560859 0.23650529 0.02243437 0.33277685
2 0.63317422 0.23761825 0.02720764 0.33277685
2 0.11503580 0.23761825 0.02195704 0.33277685
2 0.09236277 0.23817474 0.02720764 0.33277685
2 0.26491647 0.56844741 0.01813842 0.11853088
2 0.24200477 0.56928214 0.02291169 0.11797440
2 0.75560859 0.13272120 0.02195704 0.05063996
2 0.73293556 0.13383417 0.02720764 0.05063996
2 0.60620525 0.12966055 0.02195704 0.11908737
2 0.58353222 0.13077351 0.02720764 0.11908737
2 0.55871122 0.20979410 0.02243437 0.11908737
2 0.53627685 0.21090707 0.02720764 0.11908737
2 0.70357995 0.32832499 0.02195704 0.15136338
2 0.68114558 0.32888147 0.02768496 0.15136338
2 0.47016706 0.30801336 0.02577566 0.18196995
2 0.44343675 0.30884808 0.02863962 0.18252643
2 0.41980907 0.15358932 0.02625298 0.18252643
2 0.39331742 0.15414580 0.02863962 0.18252643
2 0.36968974 0.20422927 0.02625298 0.11352254
2 0.34295943 0.20534224 0.02911695 0.11352254
2 0.31766110 0.29549249 0.02625298 0.07345576
2 0.29116945 0.29632721 0.02863962 0.07401224
2 0.21789976 0.26099054 0.02625298 0.07345576
2 0.19116945 0.26182526 0.02911695 0.07401224
2 0.16252983 0.27545910 0.02529833 0.24707846
2 0.13914081 0.27712855 0.02529833 0.24819143
2 0.80525060 0.71814135 0.02482100 0.26099054
2 0.77995227 0.71814135 0.02482100 0.26099054
2 0.75560859 0.75236505 0.02482100 0.40623261
2 0.73054893 0.75236505 0.02529833 0.40623261
2 0.46754177 0.75069560 0.02529833 0.40623261
2 0.44248210 0.75069560 0.02482100 0.40623261
2 0.36754177 0.74902615 0.02482100 0.40623261
2 0.34224344 0.74902615 0.02482100 0.40623261
2 0.31646778 0.72982749 0.02482100 0.44129104
2 0.29116945 0.72982749 0.02482100 0.44129104
2 0.41861575 0.68002226 0.02482100 0.34501948
2 0.39355609 0.68002226 0.02529833 0.34501948
2 0.70620525 0.56677796 0.02529833 0.26766834
2 0.68114558 0.56677796 0.02482100 0.26766834
2 0.56038186 0.66833612 0.02482100 0.23817474
2 0.53532220 0.66833612 0.02529833 0.23817474
2 0.21431981 0.62604341 0.02482100 0.15025042
2 0.18902148 0.62604341 0.02482100 0.15025042
2 0.16324582 0.58848080 0.02482100 0.07846411
2 0.13794749 0.58848080 0.02482100 0.07846411
2 0.11455847 0.59015025 0.02482100 0.07846411
2 0.08926014 0.59015025 0.02482100 0.07846411
2 0.06587112 0.59015025 0.02482100 0.07846411
2 0.04057279 0.59015025 0.02482100 0.07846411
2 0.06778043 0.23650529 0.02195704 0.33277685
2 0.04510740 0.23761825 0.02720764 0.33277685
